Aleatório|2

processo-0|0|12|78|4|8192
processo-1|1|12|55|3|4096
processo-2|2|2|51|2|4096
processo-3|3|4|79|4|8192
processo-4|4|4|33|8|6144
processo-5|5|14|68|7|3072
processo-6|6|2|14|2|5120
processo-7|7|14|82|7|4096
processo-8|8|14|26|2|7168
processo-9|9|12|80|5|9216
processo-10|10|16|38|9|7168
processo-11|11|14|54|1|3072
processo-12|12|18|56|3|6144
processo-13|13|12|5|5|9216
processo-14|14|12|5|5|4096
processo-15|15|4|53|9|3072
processo-16|16|10|18|8|7168
processo-17|17|2|29|4|4096
processo-18|18|14|92|9|9216
processo-19|19|2|91|1|2048
processo-20|20|2|28|9|3072
processo-21|21|2|17|5|2048
processo-22|22|16|67|4|7168
processo-23|23|6|36|2|7168
processo-24|24|2|67|7|7168
processo-25|25|16|64|6|7168
processo-26|26|4|43|1|6144
processo-27|27|4|86|5|8192
processo-28|28|16|3|2|4096
processo-29|29|8|38|9|1024
processo-30|30|6|67|7|7168
processo-31|31|16|29|7|5120
processo-32|32|8|33|7|6144
processo-33|33|18|66|1|6144
processo-34|34|16|21|3|3072
processo-35|35|6|99|1|1024
processo-36|36|8|11|7|3072
processo-37|37|8|16|8|1024
processo-38|38|18|75|7|1024
processo-39|39|8|17|6|6144
processo-40|40|18|28|2|7168
processo-41|41|2|90|7|1024
processo-42|42|6|24|1|7168
processo-43|43|8|79|6|4096
processo-44|44|10|48|7|5120
processo-45|45|8|42|4|9216
processo-46|46|14|78|5|8192
processo-47|47|16|49|8|4096
processo-48|48|14|33|1|2048
processo-49|49|14|66|8|5120
processo-50|50|14|49|8|6144
processo-51|51|14|42|1|5120
processo-52|52|2|85|5|1024
processo-53|53|12|36|5|5120
processo-54|54|14|82|6|2048
processo-55|55|6|25|8|1024
processo-56|56|18|68|8|3072
processo-57|57|12|44|9|9216
processo-58|58|2|71|8|5120
processo-59|59|8|86|3|3072
processo-60|60|10|87|4|3072
processo-61|61|14|66|9|3072
processo-62|62|12|82|3|8192
processo-63|63|4|7|2|9216
processo-64|64|2|46|3|6144
processo-65|65|4|96|7|7168
processo-66|66|4|37|4|8192
processo-67|67|16|70|3|1024
processo-68|68|16|75|3|9216
processo-69|69|8|38|8|1024
processo-70|70|6|64|8|8192
processo-71|71|6|6|3|7168
processo-72|72|14|76|3|1024
processo-73|73|10|98|5|4096
processo-74|74|4|57|1|5120
processo-75|75|2|67|3|1024
processo-76|76|6|12|9|6144
processo-77|77|12|98|8|1024
processo-78|78|12|63|3|9216
processo-79|79|12|20|2|5120
processo-80|80|16|1|2|3072
processo-81|81|8|43|7|8192
processo-82|82|14|55|6|4096
processo-83|83|16|69|7|9216
processo-84|84|10|26|6|8192
processo-85|85|10|42|4|7168
processo-86|86|12|19|4|7168
processo-87|87|12|59|2|9216
processo-88|88|16|12|5|6144
processo-89|89|18|47|3|8192
processo-90|90|12|82|5|1024
processo-91|91|12|71|5|1024
processo-92|92|6|7|8|3072
processo-93|93|18|23|8|2048
processo-94|94|14|70|6|5120
processo-95|95|14|83|5|5120
processo-96|96|4|11|4|1024
processo-97|97|18|20|2|3072
processo-98|98|4|20|2|8192
processo-99|99|16|93|7|4096
processo-100|100|16|91|5|7168
processo-101|101|4|38|3|1024
processo-102|102|8|59|1|6144
processo-103|103|4|6|4|7168
processo-104|104|18|20|5|6144
processo-105|105|14|41|9|7168
processo-106|106|12|96|3|4096
processo-107|107|16|94|4|8192
processo-108|108|10|68|4|8192
processo-109|109|10|22|6|8192
processo-110|110|12|42|7|2048
processo-111|111|8|82|6|2048
processo-112|112|4|44|8|8192
processo-113|113|2|5|6|8192
processo-114|114|10|28|7|1024
processo-115|115|8|69|3|1024
processo-116|116|14|68|4|6144
processo-117|117|6|91|6|8192
processo-118|118|6|6|7|6144
processo-119|119|12|70|7|2048
processo-120|120|16|26|3|1024
processo-121|121|4|28|9|1024
processo-122|122|4|92|2|6144
processo-123|123|18|18|9|9216
processo-124|124|4|36|9|6144
processo-125|125|18|41|5|4096
processo-126|126|6|80|3|5120
processo-127|127|6|49|2|8192
processo-128|128|18|27|3|5120
processo-129|129|2|97|8|1024
processo-130|130|18|39|3|6144
processo-131|131|6|93|2|6144
processo-132|132|14|47|4|2048
processo-133|133|8|73|7|7168
processo-134|134|10|65|9|6144
processo-135|135|18|97|2|1024
processo-136|136|12|46|4|2048
processo-137|137|10|23|1|7168
processo-138|138|16|83|3|3072
processo-139|139|12|1|1|5120
processo-140|140|2|94|5|8192
processo-141|141|6|15|3|2048
processo-142|142|8|12|4|5120
processo-143|143|16|62|5|7168
processo-144|144|6|52|2|4096
processo-145|145|6|67|5|4096
processo-146|146|18|25|1|3072
processo-147|147|18|40|9|7168
processo-148|148|8|38|6|6144
processo-149|149|14|1|5|1024
processo-150|150|14|92|5|1024
processo-151|151|18|79|4|2048
processo-152|152|18|4|4|7168
processo-153|153|18|7|6|2048
processo-154|154|8|67|2|6144
processo-155|155|8|92|7|8192
processo-156|156|16|10|5|1024
processo-157|157|10|76|7|1024
processo-158|158|2|53|2|1024
processo-159|159|4|24|4|1024
processo-160|160|2|7|1|8192
processo-161|161|18|56|1|2048
processo-162|162|4|56|3|3072
processo-163|163|16|3|6|8192
processo-164|164|14|96|3|9216
processo-165|165|6|56|4|2048
processo-166|166|16|55|7|5120
processo-167|167|8|1|5|8192
processo-168|168|2|12|3|3072
processo-169|169|2|40|7|2048
processo-170|170|16|25|9|6144
processo-171|171|14|45|7|7168
processo-172|172|18|29|7|4096
processo-173|173|12|7|2|3072
processo-174|174|12|41|3|3072
processo-175|175|16|22|3|2048
processo-176|176|12|26|5|9216
processo-177|177|12|83|7|8192
processo-178|178|10|15|5|3072
processo-179|179|16|20|3|4096
processo-180|180|10|50|9|8192
processo-181|181|14|99|3|7168
processo-182|182|14|31|7|4096
processo-183|183|2|3|5|2048
processo-184|184|6|37|9|7168
processo-185|185|10|28|4|8192
processo-186|186|18|30|7|2048
processo-187|187|2|72|4|2048
processo-188|188|18|60|7|3072
processo-189|189|8|94|6|6144
processo-190|190|10|3|7|7168
processo-191|191|16|13|9|9216
processo-192|192|12|74|2|2048
processo-193|193|10|85|4|3072
processo-194|194|18|55|7|2048
processo-195|195|14|14|6|6144
processo-196|196|10|38|3|2048
processo-197|197|10|34|6|3072
processo-198|198|6|85|1|4096
processo-199|199|6|44|1|9216
processo-200|200|2|88|6|9216
processo-201|201|12|72|2|5120
processo-202|202|2|12|2|8192
processo-203|203|18|68|2|5120
processo-204|204|6|77|2|7168
processo-205|205|4|22|8|8192
processo-206|206|10|51|4|2048
processo-207|207|6|76|6|1024
processo-208|208|16|40|6|3072
processo-209|209|10|45|5|2048
processo-210|210|16|93|1|3072
processo-211|211|2|82|4|7168
processo-212|212|10|95|8|8192
processo-213|213|18|42|3|4096
processo-214|214|10|6|4|1024
processo-215|215|16|44|2|6144
processo-216|216|16|7|8|6144
processo-217|217|8|77|4|7168
processo-218|218|2|86|3|8192
processo-219|219|18|91|5|8192
processo-220|220|2|1|1|4096
processo-221|221|10|57|2|7168
processo-222|222|8|76|3|1024
processo-223|223|8|82|7|6144
processo-224|224|6|68|7|6144
processo-225|225|8|35|7|1024
processo-226|226|4|57|3|9216
processo-227|227|8|94|6|7168
processo-228|228|8|44|5|6144
processo-229|229|2|91|1|9216
processo-230|230|2|77|5|9216
processo-231|231|2|87|4|5120
processo-232|232|14|53|1|8192
processo-233|233|16|59|2|3072
processo-234|234|16|63|5|3072
processo-235|235|8|4|7|2048
processo-236|236|12|8|6|4096
processo-237|237|16|34|8|9216
processo-238|238|18|14|7|8192
processo-239|239|8|50|7|5120
processo-240|240|12|49|1|3072
processo-241|241|8|35|6|9216
processo-242|242|12|64|1|6144
processo-243|243|10|46|7|5120
processo-244|244|16|95|7|2048
processo-245|245|2|88|9|6144
processo-246|246|4|80|4|5120
processo-247|247|18|29|3|3072
processo-248|248|10|27|2|2048
processo-249|249|8|38|5|8192
processo-250|250|6|86|5|4096
processo-251|251|12|55|1|7168
processo-252|252|10|92|3|6144
processo-253|253|2|24|5|4096
processo-254|254|6|54|2|9216
processo-255|255|12|73|9|2048
processo-256|256|18|91|1|1024
processo-257|257|12|93|8|9216
processo-258|258|14|2|5|6144
processo-259|259|16|26|9|2048
processo-260|260|4|33|5|6144
processo-261|261|10|25|2|1024
processo-262|262|18|56|6|2048
processo-263|263|18|90|8|2048
processo-264|264|2|30|4|3072
processo-265|265|12|53|8|5120
processo-266|266|14|81|7|1024
processo-267|267|4|15|8|3072
processo-268|268|4|66|7|1024
processo-269|269|6|58|1|1024
processo-270|270|18|8|8|3072
processo-271|271|12|2|2|7168
processo-272|272|18|52|4|3072
processo-273|273|12|4|5|4096
processo-274|274|8|12|8|6144
processo-275|275|12|84|4|8192
processo-276|276|8|28|8|4096
processo-277|277|8|67|6|4096
processo-278|278|14|42|3|7168
processo-279|279|6|71|9|9216
processo-280|280|12|12|9|2048
processo-281|281|2|84|1|5120
processo-282|282|12|6|8|1024
processo-283|283|16|45|7|6144
processo-284|284|4|25|7|8192
processo-285|285|6|88|3|3072
processo-286|286|12|2|6|2048
processo-287|287|18|60|3|2048
processo-288|288|16|42|8|5120
processo-289|289|16|5|6|2048
processo-290|290|10|85|8|4096
processo-291|291|4|2|4|6144
processo-292|292|12|1|6|9216
processo-293|293|10|51|5|4096
processo-294|294|8|15|4|4096
processo-295|295|18|30|6|2048
processo-296|296|14|4|7|5120
processo-297|297|6|25|7|5120
processo-298|298|16|86|4|4096
processo-299|299|8|69|7|1024
processo-300|300|8|22|2|4096
processo-301|301|12|41|5|4096
processo-302|302|12|21|2|1024
processo-303|303|2|70|5|5120
processo-304|304|12|76|5|6144
processo-305|305|8|90|6|5120
processo-306|306|10|65|2|8192
processo-307|307|16|78|7|4096
processo-308|308|12|55|9|5120
processo-309|309|14|52|8|6144
processo-310|310|12|82|3|7168
processo-311|311|12|5|7|9216
processo-312|312|6|22|3|1024
processo-313|313|18|89|8|3072
processo-314|314|6|90|8|1024
processo-315|315|18|88|1|3072
processo-316|316|14|75|6|6144
processo-317|317|18|45|5|3072
processo-318|318|4|70|6|6144
processo-319|319|10|40|5|6144
processo-320|320|8|79|1|6144
processo-321|321|8|13|5|8192
processo-322|322|16|15|6|4096
processo-323|323|14|82|2|9216
processo-324|324|12|78|4|3072
processo-325|325|10|30|5|1024
processo-326|326|14|79|9|9216
processo-327|327|14|4|5|3072
processo-328|328|16|58|4|5120
processo-329|329|12|62|1|9216
processo-330|330|6|88|4|2048
processo-331|331|12|55|9|5120
processo-332|332|16|14|2|1024
processo-333|333|6|84|1|9216
processo-334|334|12|17|6|7168
processo-335|335|8|41|3|1024
processo-336|336|16|82|9|6144
processo-337|337|8|3|4|3072
processo-338|338|2|74|2|8192
processo-339|339|18|26|4|3072
processo-340|340|14|11|1|9216
processo-341|341|18|29|5|2048
processo-342|342|12|23|2|6144
processo-343|343|16|99|5|5120
processo-344|344|6|49|3|2048
processo-345|345|8|24|4|6144
processo-346|346|12|30|7|7168
processo-347|347|2|87|1|6144
processo-348|348|10|12|4|2048
processo-349|349|10|66|6|3072
processo-350|350|10|32|5|1024
processo-351|351|4|85|9|6144
processo-352|352|14|59|2|9216
processo-353|353|12|19|2|8192
processo-354|354|16|67|3|8192
processo-355|355|8|6|5|3072
processo-356|356|16|74|7|1024
processo-357|357|10|1|7|8192
processo-358|358|18|1|7|2048
processo-359|359|4|30|7|3072
processo-360|360|6|68|2|6144
processo-361|361|10|76|6|4096
processo-362|362|16|91|7|3072
processo-363|363|10|39|6|7168
processo-364|364|6|92|5|4096
processo-365|365|16|28|9|5120
processo-366|366|16|34|5|5120
processo-367|367|18|22|9|6144
processo-368|368|4|51|7|7168
processo-369|369|4|48|7|4096
processo-370|370|8|87|6|8192
processo-371|371|6|21|1|5120
processo-372|372|18|92|1|3072
processo-373|373|6|42|7|6144
processo-374|374|16|65|9|6144
processo-375|375|14|41|9|5120
processo-376|376|6|20|8|6144
processo-377|377|12|42|1|1024
processo-378|378|18|47|6|6144
processo-379|379|2|49|3|9216
processo-380|380|6|69|9|5120
processo-381|381|10|61|7|5120
processo-382|382|4|71|2|7168
processo-383|383|2|49|3|3072
processo-384|384|8|9|6|6144
processo-385|385|14|17|2|5120
processo-386|386|14|91|6|5120
processo-387|387|14|71|7|9216
processo-388|388|6|31|8|1024
processo-389|389|8|35|5|6144
processo-390|390|12|94|8|1024
processo-391|391|14|25|5|9216
processo-392|392|16|65|6|3072
processo-393|393|8|19|6|8192
processo-394|394|12|64|7|6144
processo-395|395|2|84|3|8192
processo-396|396|10|18|1|1024
processo-397|397|8|24|3|3072
processo-398|398|8|35|8|7168
processo-399|399|2|67|2|6144
processo-400|400|10|13|1|5120
processo-401|401|16|26|7|7168
processo-402|402|16|37|1|8192
processo-403|403|4|9|6|8192
processo-404|404|18|5|7|1024
processo-405|405|18|45|9|7168
processo-406|406|14|34|3|4096
processo-407|407|6|28|4|3072
processo-408|408|6|82|1|9216
processo-409|409|16|24|3|1024
processo-410|410|8|42|5|9216
processo-411|411|2|39|8|8192
processo-412|412|12|15|8|9216
processo-413|413|6|92|7|3072
processo-414|414|8|66|4|1024
processo-415|415|10|17|8|7168
processo-416|416|2|92|2|7168
processo-417|417|2|24|5|7168
processo-418|418|18|23|1|1024
processo-419|419|14|46|3|3072
processo-420|420|14|83|7|7168
processo-421|421|10|21|5|2048
processo-422|422|18|95|7|3072
processo-423|423|10|54|6|1024
processo-424|424|10|47|5|2048
processo-425|425|8|10|9|2048
processo-426|426|14|67|3|2048
processo-427|427|8|97|2|3072
processo-428|428|14|56|9|7168
processo-429|429|4|98|6|1024
processo-430|430|10|43|1|8192
processo-431|431|2|32|8|2048
processo-432|432|8|39|6|6144
processo-433|433|10|22|2|3072
processo-434|434|8|84|5|6144
processo-435|435|16|72|7|2048
processo-436|436|16|35|4|4096
processo-437|437|4|82|2|8192
processo-438|438|14|16|8|3072
processo-439|439|18|61|7|9216
processo-440|440|10|66|6|1024
processo-441|441|10|44|6|1024
processo-442|442|6|86|2|3072
processo-443|443|2|65|4|2048
processo-444|444|6|83|4|3072
processo-445|445|14|67|4|4096
processo-446|446|18|1|7|1024
processo-447|447|6|13|7|2048
processo-448|448|12|54|4|3072
processo-449|449|12|65|5|4096
processo-450|450|18|81|1|3072
processo-451|451|4|78|4|1024
processo-452|452|14|18|6|2048
processo-453|453|10|78|6|5120
processo-454|454|14|71|7|4096
processo-455|455|14|35|5|8192
processo-456|456|8|92|1|9216
processo-457|457|10|70|1|5120
processo-458|458|4|14|8|3072
processo-459|459|2|77|7|6144
processo-460|460|6|16|3|1024
processo-461|461|16|5|6|5120
processo-462|462|14|71|4|3072
processo-463|463|8|12|5|4096
processo-464|464|18|49|1|6144
processo-465|465|4|67|6|9216
processo-466|466|6|13|5|4096
processo-467|467|12|42|5|1024
processo-468|468|10|4|2|1024
processo-469|469|4|95|2|3072
processo-470|470|18|92|5|2048
processo-471|471|10|45|1|2048
processo-472|472|4|66|9|7168
processo-473|473|4|19|8|9216
processo-474|474|2|93|2|5120
processo-475|475|8|30|2|2048
processo-476|476|18|44|9|4096
processo-477|477|18|40|4|7168
processo-478|478|8|44|6|4096
processo-479|479|12|82|7|7168
processo-480|480|10|61|5|7168
processo-481|481|14|20|9|2048
processo-482|482|2|23|3|2048
processo-483|483|18|83|8|6144
processo-484|484|14|73|6|3072
processo-485|485|8|61|9|6144
processo-486|486|12|61|7|4096
processo-487|487|10|55|3|2048
processo-488|488|8|66|3|6144
processo-489|489|18|67|1|8192
processo-490|490|16|8|3|5120
processo-491|491|8|49|4|3072
processo-492|492|8|3|5|3072
processo-493|493|14|93|3|9216
processo-494|494|4|49|5|4096
processo-495|495|12|9|7|7168
processo-496|496|6|12|2|3072
processo-497|497|4|68|4|8192
processo-498|498|16|9|5|9216
processo-499|499|10|5|5|5120
processo-500|500|2|12|3|3072
processo-501|501|12|45|5|6144
processo-502|502|12|66|4|8192
processo-503|503|2|99|7|6144
processo-504|504|16|84|3|6144
processo-505|505|4|58|9|4096
processo-506|506|16|94|1|8192
processo-507|507|6|63|8|1024
processo-508|508|16|91|9|3072
processo-509|509|18|72|9|8192
processo-510|510|4|10|3|4096
processo-511|511|8|2|7|8192
processo-512|512|8|83|3|4096
processo-513|513|6|16|5|5120
processo-514|514|6|26|5|4096
processo-515|515|18|58|7|8192
processo-516|516|18|10|4|3072
processo-517|517|18|28|1|3072
processo-518|518|10|60|1|9216
processo-519|519|10|39|5|6144
processo-520|520|18|40|7|6144
processo-521|521|16|95|9|6144
processo-522|522|18|42|2|4096
processo-523|523|12|21|3|7168
processo-524|524|16|77|1|1024
processo-525|525|2|14|6|6144
processo-526|526|14|38|6|6144
processo-527|527|16|52|7|8192
processo-528|528|2|97|9|6144
processo-529|529|10|82|4|9216
processo-530|530|10|10|6|7168
processo-531|531|12|97|3|1024
processo-532|532|16|46|1|1024
processo-533|533|18|71|9|9216
processo-534|534|18|1|4|3072
processo-535|535|10|72|6|1024
processo-536|536|12|56|8|9216
processo-537|537|8|27|1|2048
processo-538|538|12|87|2|9216
processo-539|539|12|64|1|7168
processo-540|540|12|43|6|1024
processo-541|541|4|3|4|8192
processo-542|542|2|31|7|3072
processo-543|543|2|66|8|8192
processo-544|544|6|32|3|3072
processo-545|545|10|43|8|2048
processo-546|546|10|79|1|4096
processo-547|547|18|40|1|9216
processo-548|548|8|87|7|3072
processo-549|549|16|59|9|9216
processo-550|550|14|93|6|2048
processo-551|551|2|26|8|7168
processo-552|552|12|19|2|2048
processo-553|553|6|22|1|8192
processo-554|554|16|80|4|3072
processo-555|555|16|59|9|1024
processo-556|556|6|31|2|9216
